20260911 081000;29093.25;29128;29091.5;29111.25;9910
20260911 081500;29110.25;29121;29106.25;29108.75;5340
20260911 082000;29109.5;29118.5;29103;29106.5;4243
20260911 082500;29107;29129;29094.25;29121.5;7605
20260911 083000;29121.5;29145;29115.5;29138.25;6561
20260911 083500;29138;29143;29118.5;29128.25;5661
20260911 084000;29127.25;29166;29125.5;29149.75;7950
20260911 084500;29149.5;29152;29115.25;29124.75;7687
20260911 085000;29124.75;29140;29123;29135.25;3741
20260911 085500;29135.5;29153.75;29135.5;29150.5;3849
20260911 090000;29151.25;29163.5;29146.75;29159.75;3176
20260911 090500;29160.25;29171.75;29152.75;29163.75;5387
20260911 091000;29164;29164;29148;29156.75;4434
20260911 091500;29156.5;29165;29146.25;29149;3183
20260911 092000;29149.25;29150.75;29138.75;29141.5;3673
20260911 092500;29141.5;29143.25;29124.25;29131;3959
20260911 093000;29130.75;29139.75;29124.75;29125.25;3310
20260911 093500;29125.5;29137.75;29123.5;29127.5;3344
20260911 094000;29127.25;29139;29116;29120;4323
20260911 094500;29119.75;29121;29109;29119.25;4656
20260911 095000;29119.25;29120.5;29104.75;29110;4020
20260911 095500;29109.75;29115.5;29104.25;29110.75;2285
20260911 100000;29111.5;29130.75;29109.25;29129.5;3910
20260911 100500;29129.25;29138.25;29122.5;29126.5;4207
20260911 101000;29126.25;29137;29120.75;29125.25;2914
20260911 101500;29126;29135.5;29125;29132;1814
20260911 102000;29131.5;29132.25;29113;29118.5;3587
20260911 102500;29118.75;29126.75;29112;29114.5;2576
20260911 103000;29114;29116;29098.25;29106.5;4257
20260911 103500;29107;29109.25;29083.5;29089;5475
20260911 104000;29089;29106.75;29087.75;29101.75;3747
20260911 104500;29102;29106.75;29081.75;29085.75;3991
20260911 105000;29086.5;29109.75;29083;29108;4249
20260911 105500;29108.25;29112;29088;29088.25;3829
20260911 110000;29088.5;29095.25;29083.25;29092.5;2550
20260911 110500;29093;29097;29082.75;29086;2709
20260911 111000;29085.75;29088.5;29074.5;29077.75;3891
20260911 111500;29078;29082;29060.75;29076.5;5622
20260911 112000;29076.5;29084.25;29073;29080.5;3420
20260911 112500;29080.75;29083;29063;29066.75;3344
20260911 113000;29067;29081;29065.5;29071.75;2333
20260911 113500;29071;29072.5;29048.25;29059.75;5030
20260911 114000;29059.25;29074;29056.25;29062.25;3232
20260911 114500;29062.75;29089.5;29059.75;29086;4501
20260911 115000;29085.75;29088.75;29053.5;29057.25;4593
20260911 115500;29056.5;29068;29050.75;29062.75;3841
20260911 120000;29062.75;29071.25;29056.5;29059.75;2447
20260911 120500;29059;29077.75;29038;29071.25;9364
20260911 121000;29071.25;29086;29065.75;29076.5;5671
20260911 121500;29077.25;29094.25;29055.25;29092.5;6961
20260911 122000;29093.5;29094;29075.75;29081.5;3217
20260911 122500;29080.5;29108;29080;29108;4075
20260911 123000;29107.75;29126.5;29107.25;29123.75;4664
20260911 123500;29123.75;29131.75;29118.75;29119.75;3217
20260911 124000;29120.5;29131;29116.75;29127.5;2428
20260911 124500;29127.25;29140.75;29125;29137.75;3416
20260911 125000;29137.75;29142.75;29131;29140.75;2772
20260911 125500;29141;29151.5;29132.5;29137;3981
20260911 130000;29136.5;29140.75;29123;29124.25;2487
20260911 130500;29124.25;29130;29121;29123.5;3256
20260911 131000;29123.5;29145.75;29119.5;29142;4375
20260911 131500;29142;29161.5;29139.25;29159.5;4320
20260911 132000;29159.75;29165;29145.75;29148.25;4063
20260911 132500;29148;29155;29137;29147.5;3126
20260911 133000;29148;29148;29130.75;29133.5;2625
20260911 133500;29134;29161.5;29134;29156.25;4466
20260911 134000;29156.25;29174.75;29156;29173;3689
20260911 134500;29173;29196;29168.5;29190.25;5588
20260911 135000;29191;29200.75;29176.5;29200;5427
20260911 135500;29199.75;29227.5;29191.5;29221.75;6012
20260911 140000;29221.75;29243.25;29221.25;29233.25;6379
20260911 140500;29233.25;29238;29221;29222.5;5399
20260911 141000;29223;29246;29215.25;29234.25;5728
20260911 141500;29234.75;29248.75;29225.5;29244;4928
20260911 142000;29244;29251.75;29224.5;29235;6229
20260911 142500;29235.75;29238;29223.5;29231.5;3062
20260911 143000;29231.25;29232;29221.75;29224.75;2930
20260911 143500;29225;29237;29215;29219;5956
20260911 144000;29219.25;29239.75;29219.25;29235;3330
20260911 144500;29235;29235.75;29218;29228.25;2853
20260911 145000;29228.75;29261;29228.75;29253.5;5931
20260911 145500;29253.25;29256.25;29244;29250;2814
20260911 150000;29249.25;29259.5;29246.25;29254;2298
20260911 150500;29254;29266.5;29248.75;29266.5;4302
20260911 151000;29266;29268.5;29252.5;29258;4566
20260911 151500;29258.75;29267.75;29249.75;29257;3075
20260911 152000;29258.5;29267.25;29248.75;29255;2664
20260911 152500;29256;29265;29244.75;29254.25;3470
20260911 153000;29254.5;29254.75;29235.5;29236;2402
20260911 153500;29235.5;29247.5;29227.75;29229.75;2805
20260911 154000;29229.5;29241.75;29229.25;29235.5;2017
20260911 154500;29235.5;29243.25;29229.5;29235;1692
20260911 155000;29235;29239.25;29226;29232;2288
20260911 155500;29231.75;29241.5;29229.25;29238.75;1355
20260911 160000;29239;29246.25;29236;29241.75;1563
20260911 160500;29242.5;29271.25;29240;29245.5;6568
20260911 161000;29245.5;29246.25;29227;29231.25;2955
20260911 161500;29232.25;29254.25;29223.5;29245;6349
20260911 162000;29244.75;29267.5;29239.25;29254.5;3461
20260911 162500;29255;29317;29250.75;29285.75;10650
20260911 163000;29286.5;29291.5;29264.5;29270.75;5198
20260911 163500;29271.75;29313.25;29270.25;29303.5;5375
20260911 164000;29303.25;29308;29290.5;29292.75;3446
20260911 164500;29292.5;29300.75;29288;29291;1719
20260911 165000;29291.75;29309.25;29286.75;29304.25;3408
20260911 165500;29303.75;29321;29300;29311;4224
20260911 170000;29309.75;29325;29307.5;29323.75;3005
20260911 170500;29324;29333.75;29313.5;29316.75;4783
20260911 171000;29316.5;29321.75;29300.75;29301.5;2657
20260911 171500;29301.5;29306.75;29292.75;29293.25;2293
20260911 172000;29293.25;29309.25;29289.5;29306.25;2235
20260911 172500;29306.25;29315;29300.5;29301.5;2005
20260911 173000;29302;29307;29298.75;29304;1127
20260911 173500;29304;29311.75;29301.5;29306;1308
20260911 174000;29307.25;29313.5;29305;29309.5;1168
20260911 174500;29309;29316;29305;29306.75;1255
20260911 175000;29307.25;29314.5;29304;29310.25;748
20260911 175500;29310.5;29313;29305.75;29309;859
20260911 180000;29309.5;29326.75;29307.5;29319.25;1850
20260911 180500;29319.75;29340;29285.25;29334.75;8483
20260911 181000;29334;29335;29322.75;29330;2245
20260911 181500;29330.25;29335;29319.75;29326;1936
20260911 182000;29326.5;29329.5;29320;29326;1425
20260911 182500;29325.75;29328;29313.5;29320.75;2021
20260911 183000;29320.75;29321.75;29308.5;29314.5;1758
20260911 183500;29314.5;29324.25;29309.5;29324.25;1553
20260911 184000;29323.75;29329;29312.5;29320.5;1383
20260911 184500;29320.5;29322;29313.25;29315.5;1300
20260911 185000;29316.25;29316.5;29305.25;29309.75;1466
20260911 185500;29310.25;29318.25;29307;29309.25;1228
20260911 190000;29310.25;29316;29307.75;29310.5;1217
20260911 190500;29310.75;29315.25;29303.75;29304;2078
20260911 191000;29303.75;29305.25;29289.75;29294.75;2817
20260911 191500;29294.25;29301;29289.75;29294;1901
20260911 192000;29294.75;29308.25;29290.25;29307.5;2499
20260911 192500;29307;29310;29294.75;29307.5;2186
20260911 193000;29307.5;29325;29307.25;29312.5;3844
20260911 193500;29313.25;29322;29300.25;29302.5;2852
20260911 194000;29303.25;29314;29296.75;29312;2555
20260911 194500;29311.75;29332.25;29310;29330;3090
20260911 195000;29330.75;29338;29319;29335.5;2918
20260911 195500;29335.5;29337.25;29325.5;29326.5;2024
20260911 200000;29326.5;29334.25;29321.25;29323;1656
20260911 200500;29322.75;29326.25;29306.75;29311.5;3311
20260911 201000;29311.5;29316.25;29304.5;29314.25;3246
20260911 201500;29315;29336.5;29307;29324;5582
20260911 202000;29324.25;29347.75;29318.25;29337.75;3983
20260911 202500;29338.25;29344.75;29325.75;29327.5;3678
20260911 203000;29327.75;29396;29325.5;29381.25;10540
20260911 203500;29387;29397.5;29204.5;29337.75;38890
20260911 204000;29337.5;29376.25;29322;29364.25;26224
20260911 204500;29364.25;29378.25;29342;29356.75;14262
20260911 205000;29357.25;29402.75;29342.75;29394.25;16148
20260911 205500;29394;29446.75;29393.75;29437.5;18616
20260911 210000;29437;29476.25;29432.5;29468.75;18449
20260911 210500;29468.5;29500.75;29467;29469.25;25486
20260911 211000;29469;29484.25;29446.5;29452.25;15546
20260911 211500;29452;29457.75;29434.5;29443.75;12236
20260911 212000;29443.25;29448.5;29427.25;29430.5;10840
20260911 212500;29430.25;29440.5;29424;29430.25;6902
20260911 213000;29430;29452.5;29415.25;29417.75;19086
20260911 213500;29417.75;29426.25;29347.25;29419.25;75360
20260911 214000;29419.5;29431.75;29373.25;29401;58262
20260911 214500;29400.5;29440.25;29354;29434;62717
20260911 215000;29434;29472.5;29399;29435.5;58201
20260911 215500;29434.75;29446;29383.25;29426.75;42054
20260911 220000;29426.25;29475;29415.25;29472;25682
20260911 220500;29472.75;29473;29386.5;29392.5;44322
20260911 221000;29392.75;29408.5;29365.5;29393.25;40161
20260911 221500;29393.5;29424.25;29378.25;29397.25;45585
20260911 222000;29397.5;29441.25;29373.75;29438.5;33404
20260911 222500;29438.5;29461.75;29432.75;29444.25;26771
20260911 223000;29444;29467;29439;29451;18965
20260911 223500;29451.75;29455.75;29406.25;29412.75;31631
20260911 224000;29412.75;29413;29369.25;29384.5;29817
20260911 224500;29384.75;29410.5;29353.25;29372.5;30435
20260911 225000;29372.5;29400;29334;29399.25;44939
20260911 225500;29398.75;29401.5;29366.75;29370.25;20968
20260911 230000;29369.75;29377.5;29349;29370.5;19446
20260911 230500;29370.25;29404;29360;29403.25;19597
20260911 231000;29403.25;29433;29400.75;29421.25;22489
20260911 231500;29420.75;29425.5;29375.25;29394;21034
20260911 232000;29394;29445;29393.5;29438.75;20969
20260911 232500;29439;29463.5;29435.25;29460.75;15070
20260911 233000;29461.25;29493;29456.75;29485;22449
20260911 233500;29485;29499.5;29477;29485.25;16818
20260911 234000;29485.5;29487.75;29462.75;29475.5;17084
20260911 234500;29475.75;29484.25;29466.75;29478.25;9800
20260911 235000;29477.75;29479;29461;29470;12299
20260911 235500;29470.5;29476.5;29442;29448.5;12306
20260912 000000;29448.75;29461.5;29441;29449.75;11380
20260912 000500;29450.25;29482.25;29450.25;29481.5;14212
20260912 001000;29482;29485;29460.25;29469.75;9992
20260912 001500;29469.5;29473;29445.25;29447.75;9251
20260912 002000;29447.75;29452;29434.5;29438.5;11367
20260912 002500;29438.25;29442.75;29421.75;29426.25;10825
20260912 003000;29426;29436.25;29398;29402.75;21814
20260912 003500;29402.75;29441.75;29395;29427.25;21960
20260912 004000;29427.5;29428.75;29396.25;29398.25;12009
20260912 004500;29398.25;29434;29392;29431.5;14581
20260912 005000;29431.5;29435.75;29413;29415.5;8435
20260912 005500;29415.5;29429.25;29413.75;29429;6007
20260912 010000;29429.25;29437.75;29426;29436.25;7906
20260912 010500;29437;29449.5;29435.75;29441;9323
20260912 011000;29440.5;29465;29440.25;29452.75;11796
20260912 011500;29452.75;29459.25;29435.75;29437.5;9578
20260912 012000;29438;29462.5;29438;29457;8328
20260912 012500;29456.75;29475.25;29456.5;29474.25;8420
20260912 013000;29474.5;29479.25;29462.25;29463.5;7754
20260912 013500;29463.25;29478.25;29460.75;29463.25;8683
20260912 014000;29463.5;29469.25;29457.25;29459.25;5279
20260912 014500;29459.25;29470.75;29457.25;29462;5476
20260912 015000;29462.25;29469;29454;29465;5172
20260912 015500;29464.75;29468;29461.25;29463;3405
20260912 020000;29463.5;29465.25;29448.5;29452.25;6166
20260912 020500;29452.5;29460.25;29449;29453.5;5724
20260912 021000;29453.75;29454;29442.75;29446.25;6139
20260912 021500;29446.75;29447;29437.5;29441;5848
20260912 022000;29441.25;29446.25;29433.5;29441;8022
20260912 022500;29441.25;29442.5;29416.5;29431.5;17337
20260912 023000;29431.5;29446.5;29426.5;29442;9973
20260912 023500;29441.75;29458;29432.5;29455;10327
20260912 024000;29455;29459.25;29443;29447.25;5895
20260912 024500;29447.25;29450.75;29434;29437.75;6533
20260912 025000;29437.75;29445;29429;29431.25;8448
20260912 025500;29431;29435;29427;29428.25;3976
20260912 030000;29428.5;29438.5;29425.5;29429;7839
20260912 030500;29429;29433.5;29421.75;29427;5444
20260912 031000;29426.75;29431;29412;29414.5;7100
20260912 031500;29414;29419;29405.25;29415.5;9130
20260912 032000;29415;29425.75;29412.75;29418.75;7072
20260912 032500;29419;29424.5;29412.25;29423.25;5806
20260912 033000;29423.25;29426.5;29411.75;29414.75;6140
20260912 033500;29414.5;29420;29411.5;29419.75;5923
20260912 034000;29419.25;29421;29412.75;29417.25;3926
20260912 034500;29417.5;29427.25;29416.75;29423.75;5817
20260912 035000;29424;29428.75;29411.5;29414;7632
20260912 035500;29414;29417.75;29394;29409.25;18541
20260912 040000;29409;29409;29380.25;29387;17508
20260912 040500;29387.25;29390.25;29380.5;29385.75;8226
20260912 041000;29385.5;29392.75;29384.75;29390.75;2887
20260912 041500;29391.25;29393.5;29375.5;29380.75;4339
20260912 042000;29381.75;29382.5;29376;29378;1631
20260912 042500;29378.5;29387;29378.5;29385;2148
20260912 043000;29385.25;29386.25;29380.25;29384.25;1159
20260912 043500;29385;29394;29384.25;29390.75;2057
20260912 044000;29390.25;29396.75;29389;29395.25;1603
20260912 044500;29395;29396.25;29386;29389.75;1477
20260912 045000;29389.75;29390.75;29383.25;29387;1790
20260912 045500;29388;29393.25;29387;29393;963
