20260904 115100;29676.75;29679.25;29676;29678.75;201
20260904 115200;29679;29680.25;29676.25;29679.75;357
20260904 115300;29679.25;29680.25;29676.25;29676.75;219
20260904 115400;29677.25;29684.75;29676.25;29683.5;587
20260904 115500;29683;29683.5;29679;29682;349
20260904 115600;29682;29684.25;29680.75;29683.25;262
20260904 115700;29683.25;29689.5;29683.25;29685;828
20260904 115800;29685.25;29685.5;29683.5;29685.5;232
20260904 115900;29685.5;29686;29682.25;29682.75;405
20260904 120000;29682.75;29683.75;29678.5;29681.75;644
20260904 120100;29682.25;29686.75;29676.25;29676.25;941
20260904 120200;29676.75;29678.25;29658;29660.25;1707
20260904 120300;29660.5;29662.75;29654.5;29661.5;1007
20260904 120400;29662;29666;29659.25;29663.25;871
20260904 120500;29662.75;29663.75;29655;29657;717
20260904 120600;29655.75;29657;29639.75;29640.75;2179
20260904 120700;29641.5;29645.75;29635;29635.25;1641
20260904 120800;29635;29645.5;29627.25;29644.75;2509
20260904 120900;29645;29662.75;29644.25;29660.75;1897
20260904 121000;29660;29666;29657.5;29660.5;1162
20260904 121100;29661;29663.25;29642.25;29645.5;1221
20260904 121200;29645.5;29646.5;29636.75;29643.25;1371
20260904 121300;29643;29647.25;29636.75;29641;826
20260904 121400;29640.75;29644.5;29639.75;29642;706
20260904 121500;29641;29645;29637.5;29642.5;639
20260904 121600;29643;29645.25;29637.5;29639.5;615
20260904 121700;29640;29642.75;29635.5;29637;696
20260904 121800;29637;29640.75;29631.75;29636.5;857
20260904 121900;29636.75;29643.75;29633.5;29640.75;788
20260904 122000;29640.5;29657.5;29638;29655.5;1240
20260904 122100;29656.25;29662;29655.25;29658.75;1009
20260904 122200;29659.25;29666.25;29655.75;29661.75;767
20260904 122300;29663;29663.75;29654.75;29658;633
20260904 122400;29658.5;29660.5;29656;29658;343
20260904 122500;29657.75;29669;29657.25;29667.5;772
20260904 122600;29667;29675.75;29662.75;29671.25;1036
20260904 122700;29671.25;29675.5;29666;29667;721
20260904 122800;29667;29671.5;29664.25;29670.75;564
20260904 122900;29670.75;29673.75;29665.75;29673.5;519
20260904 123000;29672.5;29700;29634.25;29667.5;3368
20260904 123100;29677.75;29720;29546.25;29565.25;12230
20260904 123200;29564.5;29590.75;29561;29564.75;5718
20260904 123300;29565.25;29572.5;29538;29546.5;5714
20260904 123400;29547.5;29556.75;29532.5;29546;5229
20260904 123500;29545.25;29564.75;29541.75;29553.75;4024
20260904 123600;29553.5;29573;29551.75;29568.5;4042
20260904 123700;29568.25;29574.75;29557.75;29560.25;3334
20260904 123800;29560.5;29563.75;29544.75;29555.25;3585
20260904 123900;29554.75;29568.5;29541.25;29547.25;4554
20260904 124000;29547;29564.25;29540;29556.25;3600
20260904 124100;29555.5;29584.25;29555;29578.25;3241
20260904 124200;29577.75;29584.75;29569.5;29575.75;3256
20260904 124300;29575.75;29589;29574.75;29578.75;2542
20260904 124400;29578.5;29583;29544.75;29567;3569
20260904 124500;29567.25;29574;29555.5;29556.75;2538
20260904 124600;29557.25;29557.75;29538;29540;3184
20260904 124700;29540.25;29541.5;29512.25;29515.5;4895
20260904 124800;29516;29518;29503.25;29507.75;4380
20260904 124900;29508.25;29519.25;29502;29514.5;3184
20260904 125000;29514.25;29525.75;29506.25;29518.25;4008
20260904 125100;29517.75;29539.75;29515.25;29531.75;3655
20260904 125200;29531.75;29542.75;29524.5;29537;2754
20260904 125300;29536.75;29541;29532;29534.25;1719
20260904 125400;29534.25;29546.75;29526;29546;3002
20260904 125500;29546;29548.25;29527.5;29529.75;2451
20260904 125600;29529.5;29537.5;29527.5;29534.75;1660
20260904 125700;29535;29535.25;29518;29531.75;2709
20260904 125800;29531.5;29537.5;29525.75;29537;1638
20260904 125900;29537.25;29550.5;29536.5;29546.25;2637
20260904 130000;29546.25;29548;29537.25;29546.5;1525
20260904 130100;29546.5;29547.75;29523;29528.75;3420
20260904 130200;29528.5;29537;29523.5;29527.75;2025
20260904 130300;29528;29540;29523.25;29535;3390
20260904 130400;29534.75;29549.25;29531;29547;2214
20260904 130500;29547.5;29551.75;29536.5;29537;2119
20260904 130600;29537;29556.75;29536;29552.5;2011
20260904 130700;29552.5;29555.5;29531.75;29544;2402
20260904 130800;29543.5;29547;29534;29537.25;1408
20260904 130900;29537.5;29545;29536;29541;899
20260904 131000;29540.25;29546;29532.5;29533.5;1041
20260904 131100;29534;29538.75;29527.5;29529.25;1461
20260904 131200;29529.5;29535.5;29528.25;29534.75;813
20260904 131300;29534.5;29542.25;29532;29542.25;1074
20260904 131400;29541.25;29550.75;29541;29543.5;1355
20260904 131500;29543.25;29549.5;29538.25;29548.75;1022
20260904 131600;29548.5;29555.25;29547;29551.5;1563
20260904 131700;29551;29564.5;29549.5;29560.75;2685
20260904 131800;29561;29561.75;29554.25;29555.75;1076
20260904 131900;29555.25;29562.75;29552.75;29561;1090
20260904 132000;29560.75;29564.25;29556.75;29563;829
20260904 132100;29563.25;29572.25;29561.5;29571;1513
20260904 132200;29571;29577;29568.75;29576.5;1807
20260904 132300;29576.75;29579.5;29570;29571.25;2017
20260904 132400;29571.5;29579.75;29569.25;29578.75;1142
20260904 132500;29578.75;29587;29576;29584.25;2063
20260904 132600;29583.5;29587.5;29578;29583.25;2047
20260904 132700;29583.25;29584;29576.25;29579.25;1307
20260904 132800;29579.5;29590.5;29575.5;29580.75;2801
20260904 132900;29580.25;29585.25;29571.75;29575.25;2557
20260904 133000;29575.25;29591.75;29573.25;29587.75;2421
20260904 133100;29588.25;29596.25;29557;29566;14317
20260904 133200;29565.5;29611.25;29553.75;29607.75;15682
20260904 133300;29608;29626.5;29590;29623;12636
20260904 133400;29622.25;29625;29598.5;29614.5;9884
20260904 133500;29614.75;29635;29612.75;29634;8240
20260904 133600;29634;29637;29618;29633.25;8657
20260904 133700;29633.75;29645.25;29611;29617;10813
20260904 133800;29617.25;29642.75;29615.5;29638.25;8804
20260904 133900;29638;29640;29623;29634.5;5013
20260904 134000;29635;29635;29612.25;29628.25;6687
20260904 134100;29628.5;29641.5;29613;29619.5;7787
20260904 134200;29620;29629.25;29602.25;29614;9561
20260904 134300;29614.5;29629.5;29607;29614.25;6463
20260904 134400;29614.25;29643;29612.25;29642.75;5802
20260904 134500;29643;29645;29596.75;29616.5;12078
20260904 134600;29615.75;29619.25;29577.5;29593;11034
20260904 134700;29593.25;29623;29589;29622;7682
20260904 134800;29622;29633;29615.25;29628;6537
20260904 134900;29628.25;29650;29626.5;29633.25;9202
20260904 135000;29633;29639;29624.25;29634;5476
20260904 135100;29634.5;29644;29623.25;29643;4679
20260904 135200;29642.75;29644;29616.5;29625.75;5648
20260904 135300;29625.75;29634.5;29609.25;29634;6352
20260904 135400;29634.25;29656.25;29627.5;29650.5;6936
20260904 135500;29651;29665;29649.5;29659.75;8696
20260904 135600;29660.25;29676.25;29651.75;29675.75;6969
20260904 135700;29675.75;29685.75;29673.5;29678.25;8301
20260904 135800;29678;29687.25;29677.5;29685.5;4844
20260904 135900;29685.5;29692;29680.75;29688.5;4751
20260904 140000;29688;29691.25;29675;29691.25;5207
20260904 140100;29691;29691.25;29674.25;29682;6461
20260904 140200;29681.75;29682.75;29654;29658.5;8650
20260904 140300;29658.25;29669.75;29655.75;29669;5127
20260904 140400;29669.25;29678;29657.25;29674.25;4847
20260904 140500;29673.5;29674;29661.5;29667.75;3343
20260904 140600;29668;29675.75;29661;29662.75;3615
20260904 140700;29662.25;29674.5;29655.25;29674;3885
20260904 140800;29674;29674.5;29647.5;29651.75;5374
20260904 140900;29651;29657.75;29645.25;29653.75;5036
20260904 141000;29653.25;29658.75;29641;29644.25;6026
20260904 141100;29644.75;29654.5;29629;29630.5;8326
20260904 141200;29630.5;29638;29623.75;29626.5;6503
20260904 141300;29626.5;29626.5;29594;29606.25;13514
20260904 141400;29606.25;29623.5;29600;29622.5;8235
20260904 141500;29621.75;29652.5;29621;29648.25;9619
20260904 141600;29648.25;29649.75;29627;29634.5;8591
20260904 141700;29634.25;29642.5;29619.25;29620.75;6127
20260904 141800;29620.5;29631.5;29614.25;29618;6636
20260904 141900;29618;29631;29612.75;29621.75;4722
20260904 142000;29621.5;29624;29600;29601.25;5819
20260904 142100;29601.5;29606.25;29579.25;29588.5;11490
20260904 142200;29588.75;29608.5;29586.5;29606.25;6919
20260904 142300;29607;29612.5;29591;29609.5;5357
20260904 142400;29610;29610.5;29600.5;29609.25;3906
20260904 142500;29609;29609.5;29587.25;29596;5102
20260904 142600;29595.5;29602.75;29583.5;29585.5;4633
20260904 142700;29585.5;29588.25;29564;29578.5;9213
20260904 142800;29578.5;29586;29576;29577;4471
20260904 142900;29577;29592;29567;29589.5;6008
20260904 143000;29589.25;29598.75;29585.25;29595.75;5215
20260904 143100;29596;29598.25;29567.75;29567.75;7148
20260904 143200;29568.25;29571.5;29554.75;29564.25;7772
20260904 143300;29564.25;29579;29562;29576.5;5352
20260904 143400;29576;29584.75;29563;29567.5;4656
20260904 143500;29568;29569.75;29554.75;29559;3295
20260904 143600;29559.25;29574.25;29558;29571.5;4192
20260904 143700;29571.5;29587.25;29567;29582.75;5034
20260904 143800;29582.5;29590;29566.75;29582.5;5797
20260904 143900;29583.5;29589.25;29575.25;29578.5;3587
20260904 144000;29578.5;29588;29571.75;29588;3483
20260904 144100;29587.75;29587.75;29568.25;29570.75;4286
20260904 144200;29571;29577.25;29562;29572.75;3987
20260904 144300;29572.75;29574.5;29541.75;29545.5;9677
20260904 144400;29545.25;29547.5;29531.25;29533.75;7435
20260904 144500;29533.75;29541.25;29530;29533.5;4649
20260904 144600;29533;29544.25;29527.75;29532.25;5653
20260904 144700;29532.75;29540.75;29529.75;29540.5;3793
20260904 144800;29539.75;29540.25;29525.25;29533.75;4676
20260904 144900;29533.5;29539.75;29519;29525.5;5631
20260904 145000;29524.75;29527.75;29510;29511;5626
20260904 145100;29510.5;29526.5;29509.5;29523.5;5942
20260904 145200;29523.75;29535.5;29522;29524.5;4994
20260904 145300;29524.25;29528.25;29514.75;29525.5;4481
20260904 145400;29525.5;29532;29519;29520.5;3247
20260904 145500;29520.75;29525;29509;29516.75;3609
20260904 145600;29516.25;29526.5;29510;29521.25;4145
20260904 145700;29520.75;29524;29498.5;29500.5;7127
20260904 145800;29500.5;29521.75;29499.25;29520.25;5529
20260904 145900;29520.5;29530.25;29518.25;29529.25;4242
20260904 150000;29528.75;29530;29511.25;29520.75;4204
20260904 150100;29520.5;29529.25;29514.75;29524.25;4339
20260904 150200;29524.25;29529.5;29518;29521.25;2548
20260904 150300;29521;29523;29491;29510.75;8339
20260904 150400;29510.75;29512.25;29501.5;29504.25;3597
20260904 150500;29503.75;29518;29497;29516.25;4697
20260904 150600;29515.5;29517;29503.25;29511.25;3321
20260904 150700;29511.5;29517.5;29507.75;29513;3038
20260904 150800;29513;29524.75;29511;29524.25;4964
20260904 150900;29524.25;29531.75;29520.25;29526;4360
20260904 151000;29526;29527.5;29515.75;29526;3644
20260904 151100;29525.5;29526.5;29510.5;29520;3607
20260904 151200;29519.75;29531;29517.75;29524.75;4067
20260904 151300;29524.5;29539.75;29522;29539.25;4571
20260904 151400;29539.5;29540;29530.25;29534.5;3686
20260904 151500;29534.5;29541;29528.5;29540.25;3598
20260904 151600;29541;29543.5;29533;29535.75;3693
20260904 151700;29536;29542;29529.25;29529.25;2863
20260904 151800;29529;29531.5;29515.25;29519.25;6219
20260904 151900;29519.5;29520;29493.75;29500.5;8144
20260904 152000;29500.5;29505.5;29497.5;29501.25;4203
20260904 152100;29501;29506;29487;29495.5;6417
20260904 152200;29495.5;29501;29483.25;29489.5;5091
20260904 152300;29489.75;29506.5;29489.75;29504.25;4421
20260904 152400;29504.25;29510;29500.25;29501.5;3263
20260904 152500;29501;29510.5;29499.5;29502.75;3119
20260904 152600;29502.75;29512.5;29495.25;29505.25;4073
20260904 152700;29505.25;29506.75;29498.75;29500.5;2392
20260904 152800;29500.5;29506;29495.5;29503.75;3110
20260904 152900;29504.5;29509;29498;29506.75;1994
20260904 153000;29507;29509.5;29497.5;29507.25;2730
20260904 153100;29507;29510.75;29479.75;29485;6866
20260904 153200;29485;29494;29477.75;29487.75;5313
20260904 153300;29487.25;29492.25;29482.75;29487.75;2614
20260904 153400;29487.75;29499.25;29483.25;29498.25;3586
20260904 153500;29498.25;29502.5;29486.25;29491.75;3765
20260904 153600;29491.25;29507.25;29490.25;29499;3935
20260904 153700;29499;29503;29493;29495.25;2812
20260904 153800;29495.5;29499;29492;29493.75;1847
20260904 153900;29493.75;29504;29493.5;29501.5;1734
20260904 154000;29501.25;29503;29497;29501.5;1479
20260904 154100;29501.75;29505.5;29497.75;29501.25;1633
20260904 154200;29501.5;29512.25;29498;29511.75;3377
20260904 154300;29511.25;29524.25;29511;29521.5;5213
20260904 154400;29521;29524.5;29517.5;29520.75;2757
20260904 154500;29521;29523.25;29516.75;29520.5;1735
20260904 154600;29519.75;29520;29510.25;29520;3222
20260904 154700;29519.25;29522.5;29507;29507.75;3445
20260904 154800;29507;29509;29491.25;29494.75;5746
20260904 154900;29494.75;29497.75;29487;29496.25;3373
20260904 155000;29496.25;29503.25;29493;29501.75;2654
20260904 155100;29501.5;29516.25;29497.75;29499.25;5192
20260904 155200;29500.25;29506.25;29496.75;29502;2526
20260904 155300;29501.5;29508;29496.75;29501.75;1941
20260904 155400;29502;29507;29494.75;29502.25;2131
20260904 155500;29502.25;29507.25;29498.75;29504;1534
20260904 155600;29504;29513;29503.5;29508.75;2005
20260904 155700;29509;29511.75;29505.5;29506.5;1421
20260904 155800;29506;29514.75;29497.25;29512.5;2981
20260904 155900;29512.25;29514.75;29506.25;29509.75;1360
20260904 160000;29509.75;29519;29509.75;29515.25;2452
